004
005
006
009
017
029
042
052
057
062
067
082
092
095
115
125
365
387
402
403
405
411
424
428
429
431
435
440
443
447
448
453
455
462
467
472
474
478
482
483
491
494
495
505
512
515
516
525
527
529
530
534
539
546
553
562
564
566
568
571
574
577
578
588
594
600
603
606
611
614
615
617
618
621
627
629
633
634
636
637
645
661
664
669
672
673
675
681
683
684
702
703
705
708
711
716
722
724
726
733
739
752
753
755
757
772
773
777
780
783
785
786
787
794
795
796
797
807
810
811
812
822
824
829
831
834
836
837
840
842
850
854
864
866
867
868
869
870
