005
006
007
018
022
023
061
067
072
080
085
095
098
116
118
131
323
330
398
400
401
405
412
421
425
430
432
433
435
439
444
447
448
449
452
455
457
463
473
474
475
489
493
506
511
513
516
523
526
527
535
543
552
560
570
571
573
576
581
584
585
586
587
591
599
602
603
606
609
610
612
617
621
628
633
637
643
644
654
656
659
663
669
670
672
675
679
690
692
701
702
705
706
709
710
716
718
730
731
745
755
756
761
764
766
767
768
772
773
774
775
776
780
782
783
786
794
797
799
809
813
815
819
824
828
839
843
845
849
857
858
